   0.     0.     0.     0.     0.     0.     0.     0.     0.     0.
     0.     0.     0.     0.     0.     0.     0.     0.     0.     0.
     0.     0.     0.     0.     0.     0.     0.     0.     0.     0.
     0.     0.     0.     0.     0.     0.     0.   435.     0.   357.
   338.   324.   313.   299.   288.   275.   262.     0.     0.     0.
     0.     0.     0.     0.     0.     0.     0.     0.     0.     0.
     0.     0.     0.     0.     0.     0.     0.     0.     0.     0.
     0.     0.     0.     0.     0.     0.     0.     0.     0.     0.
     0.     0.     0.     0.  2060.  2058.   369.   365.   364.     0.
     0.     0.     0.     0.   363.   359.   359.   359.   358.   345.
   343.   342.   343.   343.   343.   344.   344.   345.   362.   363.
   364.   364.   515.   499.   457.   442.   430.   472.   462.   388.
   375.   372.   368.   364.   360.   357.   354.   350.   347.   342.
   338.   333.   314.   307.   300.   295.   290.   284.   279.   274.
   269.   263.   259.   254.     0.     0.     0.     0.     0.     0.
     0.     0.     0.     0.     0.     0.     0.     0.     0.     0.
     0.     0.     0.     0.     0.     0.     0.     0.     0.     0.
     0.     0.     0.     0.     0.     0.     0.     0.     0.     0.
     0.     0.     0.     0.     0.     0.     0.     0.     0.     0.
     0.     0.     0.     0.     0.     0.     0.     0.     0.     0.
     0.     0.     0.     0.     0.     0.     0.     0.     0.     0.
     0.     0.     0.     0.     0.     0.     0.     0.     0.     0.
     0.     0.     0.     0.     0.     0.     0.     0.   252.   252.
     0.     0.   252.   252.   253.   253.   254.   255.   255.   257.
   258.   260.   262.   263.   265.   267.   314.   314.   315.   315.
   317.   322.   337.   332.   327.   323.   322.   319.   313.   305.
   304.   304.   303.   305.   309.   313.   318.   347.  1308.  1310.
     0.     0.     0.  3955.     0.     0.   485.   483.     0.     0.
   439.   415.   418.     0.     0.     0.     0.     0.     0.     0.
     0.     0.     0.     0.     0.     0.     0.     0.     0.     0.
     0.     0.   784.   760.   754.   754.   767.     0.   987.   977.
   965.   965.   974.   927.   922.   937.   932.   913.   903.   893.
   890.   882.   829.   829.   843.   843.   827.   825.   809.   805.
   794.   795.   792.   790.   794.   798.   818.     0.     0.     0.
     0.     0.     0.     0.     0.     0.     0.     0.     0.     0.
     0.     0.     0.     0.     0.     0.     0.     0.     0.     0.
  0.          0.01745329  0.03490659  0.05235988  0.06981317  0.08726646
  0.10471976  0.12217305  0.13962634  0.15707963  0.17453293  0.19198622
  0.20943951  0.2268928   0.2443461   0.26179939  0.27925268  0.29670597
  0.31415927  0.33161256  0.34906585  0.36651914  0.38397244  0.40142573
  0.41887902  0.43633231  0.45378561  0.4712389   0.48869219  0.50614548
  0.52359878  0.54105207  0.55850536  0.57595865  0.59341195  0.61086524
  0.62831853  0.64577182  0.66322512  0.68067841  0.6981317   0.71558499
  0.73303829  0.75049158  0.76794487  0.78539816  0.80285146  0.82030475
  0.83775804  0.85521133  0.87266463  0.89011792  0.90757121  0.9250245
  0.9424778   0.95993109  0.97738438  0.99483767  1.01229097  1.02974426
  1.04719755  1.06465084  1.08210414  1.09955743  1.11701072  1.13446401
  1.15191731  1.1693706   1.18682389  1.20427718  1.22173048  1.23918377
  1.25663706  1.27409035  1.29154365  1.30899694  1.32645023  1.34390352
  1.36135682  1.37881011  1.3962634   1.41371669  1.43116999  1.44862328
  1.46607657  1.48352986  1.50098316  1.51843645  1.53588974  1.55334303
  1.57079633  1.58824962  1.60570291  1.6231562   1.6406095   1.65806279
  1.67551608  1.69296937  1.71042267  1.72787596  1.74532925  1.76278254
  1.78023584  1.79768913  1.81514242  1.83259571  1.85004901  1.8675023
  1.88495559  1.90240888  1.91986218  1.93731547  1.95476876  1.97222205
  1.98967535  2.00712864  2.02458193  2.04203522  2.05948852  2.07694181
  2.0943951   2.11184839  2.12930169  2.14675498  2.16420827  2.18166156
  2.19911486  2.21656815  2.23402144  2.25147474  2.26892803  2.28638132
  2.30383461  2.32128791  2.3387412   2.35619449  2.37364778  2.39110108
  2.40855437  2.42600766  2.44346095  2.46091425  2.47836754  2.49582083
  2.51327412  2.53072742  2.54818071  2.565634    2.58308729  2.60054059
  2.61799388  2.63544717  2.65290046  2.67035376  2.68780705  2.70526034
  2.72271363  2.74016693  2.75762022  2.77507351  2.7925268   2.8099801
  2.82743339  2.84488668  2.86233997  2.87979327  2.89724656  2.91469985
  2.93215314  2.94960644  2.96705973  2.98451302  3.00196631  3.01941961
  3.0368729   3.05432619  3.07177948  3.08923278  3.10668607  3.12413936
  3.14159265  3.15904595  3.17649924  3.19395253  3.21140582  3.22885912
  3.24631241  3.2637657   3.28121899  3.29867229  3.31612558  3.33357887
  3.35103216  3.36848546  3.38593875  3.40339204  3.42084533  3.43829863
  3.45575192  3.47320521  3.4906585   3.5081118   3.52556509  3.54301838
  3.56047167  3.57792497  3.59537826  3.61283155  3.63028484  3.64773814
  3.66519143  3.68264472  3.70009801  3.71755131  3.7350046   3.75245789
  3.76991118  3.78736448  3.80481777  3.82227106  3.83972435  3.85717765
  3.87463094  3.89208423  3.90953752  3.92699082  3.94444411  3.9618974
  3.97935069  3.99680399  4.01425728  4.03171057  4.04916386  4.06661716
  4.08407045  4.10152374  4.11897703  4.13643033  4.15388362  4.17133691
  4.1887902   4.2062435   4.22369679  4.24115008  4.25860337  4.27605667
  4.29350996  4.31096325  4.32841654  4.34586984  4.36332313  4.38077642
  4.39822972  4.41568301  4.4331363   4.45058959  4.46804289  4.48549618
  4.50294947  4.52040276  4.53785606  4.55530935  4.57276264  4.59021593
  4.60766923  4.62512252  4.64257581  4.6600291   4.6774824   4.69493569
  4.71238898  4.72984227  4.74729557  4.76474886  4.78220215  4.79965544
  4.81710874  4.83456203  4.85201532  4.86946861  4.88692191  4.9043752
  4.92182849  4.93928178  4.95673508  4.97418837  4.99164166  5.00909495
  5.02654825  5.04400154  5.06145483  5.07890812  5.09636142  5.11381471
  5.131268    5.14872129  5.16617459  5.18362788  5.20108117  5.21853446
  5.23598776  5.25344105  5.27089434  5.28834763  5.30580093  5.32325422
  5.34070751  5.3581608   5.3756141   5.39306739  5.41052068  5.42797397
  5.44542727  5.46288056  5.48033385  5.49778714  5.51524044  5.53269373
  5.55014702  5.56760031  5.58505361  5.6025069   5.61996019  5.63741348
  5.65486678  5.67232007  5.68977336  5.70722665  5.72467995  5.74213324
  5.75958653  5.77703982  5.79449312  5.81194641  5.8293997   5.84685299
  5.86430629  5.88175958  5.89921287  5.91666616  5.93411946  5.95157275
  5.96902604  5.98647933  6.00393263  6.02138592  6.03883921  6.0562925
  6.0737458   6.09119909  6.10865238  6.12610567  6.14355897  6.16101226
  6.17846555  6.19591884  6.21337214  6.23082543  6.24827872  6.26573201
